0.118792 0.00137787 1.62958e-07 -4.26281e-06 -0.000870043 1
0.223206 0.00148464 -2.93774e-08 -2.37419e-06 -0.000865459 1
0.368007 0.00111542 2.85142e-07 -3.56811e-06 -0.00963477 0.999954
0.515578 -0.0222988 2.2302e-06 5.90464e-07 -0.147351 0.989084
0.651063 -0.085197 3.42004e-06 -1.27648e-07 -0.282733 0.959199
0.767409 -0.186551 1.60128e-06 -2.5608e-06 -0.416806 0.908996
0.850843 -0.310307 -6.08014e-07 6.07558e-08 -0.51154 0.859259
0.898514 -0.398222 2.12254e-07 7.34134e-07 -0.511527 0.859267
0.946185 -0.486135 2.92592e-07 6.42419e-07 -0.511528 0.859267
1.01769 -0.617985 -1.12146e-06 -1.77254e-06 -0.511501 0.859283
1.08919 -0.749822 -1.35845e-06 -2.50489e-06 -0.511469 0.859302
1.15967 -0.882169 -2.06101e-06 -1.35897e-05 -0.538861 0.842395
1.20306 -1.02523 7.18079e-06 4.23671e-06 -0.649851 0.760062
1.21515 -1.1301 2.19694e-06 -8.90292e-07 -0.711964 0.702215
1.21357 -1.23009 1.18208e-06 7.01213e-08 -0.71266 0.70151
1.212 -1.33008 8.83649e-07 3.71599e-07 -0.712658 0.701511
1.20963 -1.48006 -1.66795e-06 -1.58343e-06 -0.712656 0.701513
1.20718 -1.63502 -1.62358e-06 -2.30784e-06 -0.712675 0.701494
1.20404 -1.77997 1.76972e-06 -5.50181e-07 -0.731746 0.681578
1.17308 -1.92613 -3.7322e-06 -4.14055e-06 -0.818766 0.574128
1.082 -2.05057 2.49286e-06 1.71983e-06 0.889684 -0.456577
0.978966 -2.15885 -1.81863e-06 1.95615e-06 0.944103 -0.329651
0.863529 -2.23599 -9.60307e-07 3.8e-07 0.96441 -0.264411
0.777508 -2.287 -9.00609e-07 1.41921e-07 0.964408 -0.264419
0.648495 -2.36349 3.02179e-06 6.04938e-07 0.964407 -0.264424
0.519486 -2.43999 1.26015e-06 4.33332e-07 0.964402 -0.264442
0.390481 -2.51649 2.15886e-06 7.32407e-07 0.964398 -0.264455
0.300177 -2.57004 3.28808e-06 4.12979e-07 0.964397 -0.264458
0.175474 -2.644 1.24275e-06 4.65257e-07 0.964393 -0.264474
0.0432624 -2.71938 2.18962e-06 6.9151e-07 0.964626 -0.263623
-0.0482189 -2.76813 3.41229e-06 1.90083e-07 0.965009 -0.262218
-0.138768 -2.82127 1.36451e-06 4.67219e-07 0.965006 -0.262228
-0.265665 -2.89121 -1.58491e-06 2.84426e-06 0.978932 -0.204185
-0.365338 -2.92365 -1.09282e-06 2.25161e-06 0.99407 -0.108746
-0.514325 -2.93558 -1.06904e-05 4.60263e-06 0.999567 0.0294345
-0.657424 -2.91294 -8.48237e-07 3.42544e-07 0.995558 0.0941453
-0.774434 -2.88181 -6.79952e-07 2.29056e-07 0.995765 0.0919376
-0.921888 -2.85434 2.60625e-06 -1.91415e-07 0.995763 0.0919555
-1.06934 -2.82687 4.22497e-06 -2.93344e-07 0.99576 0.0919857
-1.21678 -2.79939 2.09866e-06 -1.56647e-07 0.995758 0.0920098
-1.36906 -2.7706 -4.82718e-07 3.17484e-06 0.993888 0.110393
-1.50451 -2.72034 -1.75987e-07 2.70466e-06 0.970196 0.242321
-1.60304 -2.63698 1.14205e-07 2.2229e-06 0.927269 0.374396
-1.69526 -2.5194 4.06121e-07 2.77969e-06 0.866831 0.498602
-1.80671 -2.36727 -4.32356e-06 6.81081e-06 0.789007 0.614384
-1.82308 -2.21872 1.35747e-06 2.75816e-06 0.696963 0.717107
-1.8069 -2.11624 6.23426e-06 -3.55129e-06 0.626292 0.779589
-1.77449 -2.01654 1.96764e-06 2.00418e-06 0.547922 0.83653
-1.71025 -1.88704 -2.99218e-07 1.01063e-06 0.528182 0.849131
-1.64295 -1.75362 1.61012e-06 -2.4591e-06 0.528587 0.848879
-1.57677 -1.61903 1.38923e-06 -2.08871e-06 0.52853 0.848914
-1.51057 -1.48444 1.66151e-06 -2.46352e-06 0.528502 0.848932
-1.44436 -1.34986 1.41925e-06 -2.20178e-06 0.528447 0.848966
-1.39801 -1.25566 1.39268e-06 -2.79063e-06 0.528417 0.848985
-1.33398 -1.12558 1.37431e-06 -1.9549e-06 0.528373 0.849013
-1.26528 -0.997425 1.08904e-06 -1.74844e-06 0.52822 0.849107
-1.19337 -0.874503 -6.41037e-06 1.05862e-05 0.491671 0.870781
-1.09934 -0.758432 4.75717e-06 -7.54142e-06 0.366895 0.930263
-0.977055 -0.672403 1.88291e-06 1.5513e-06 0.235248 0.971935
-0.837215 -0.618685 6.11672e-07 9.67182e-07 0.162715 0.986673
-0.745719 -0.576339 1.72309e-07 8.99951e-07 0.16435 0.986402
-0.651119 -0.543915 4.14295e-07 -1.26077e-06 0.164354 0.986402
-0.509239 -0.495284 -3.13125e-08 -3.36839e-06 0.164368 0.986399
-0.367361 -0.446646 5.29621e-07 -2.66121e-06 0.16439 0.986395
-0.268046 -0.412595 6.13176e-07 -2.65525e-06 0.164405 0.986393
-0.130903 -0.365572 -3.33828e-08 -8.42706e-07 0.164428 0.986389
0.0104263 -0.317038 -1.02532e-05 3.95379e-05 0.170096 0.985428
0.0741155 -0.200465 -4.19019e-06 4.60355e-06 0.640765 0.767737
0.100947 -0.0529003 1.47994e-06 -1.58639e-06 0.640726 0.76777
0.127787 0.0946641 1.57823e-06 -1.6408e-06 0.640713 0.76778
0.154641 0.242221 2.14789e-06 -2.2037e-06 0.640669 0.767817
0.181505 0.389781 1.44365e-06 -1.80107e-06 0.640652 0.767831
0.208379 0.537338 2.07003e-06 -2.31665e-06 0.640616 0.767861
0.227197 0.640624 1.85231e-06 -1.93847e-06 0.640596 0.767878
0.258448 0.735758 8.64699e-07 -9.03289e-07 0.666672 0.745351
